Tensor
    [ [[-0.120906 , -0.0641285, -0.1209621, ..., -0.0795568, -0.0173528, 0.0549993 ],],

      [[0.1056473 , -0.0062926, -0.133156 , ..., 0.0210907 , -0.1147689, -0.1310018],],

      [[0.1443254 , -0.1434628, 0.008921  , ..., 0.0161198 , -0.049005 , -0.0180923],],

      [[0.1397821 , 0.1506439 , -0.0341188, ..., 0.0327776 , -0.1017819, -0.1075922],],

      [[0.0620454 , 0.0830865 , -0.0744912, ..., 0.0273203 , 0.1345518 , -0.0116275],],

      [[-0.0906469, 0.0593601 , -0.0392165, ..., 0.0335004 , 0.0135392 , 0.1243624 ],],

      [[0.0614349 , 0.0533467 , -0.0362895, ..., 0.1146895 , 0.0476339 , -0.1051043],],

      [[-0.1455424, 0.023549  , 0.0585029 , ..., -0.0719234, 0.1030316 , -0.0935718],]],Tensor
    [0, 0, 0, ..., 0, 0, 0],Tensor
    [[[-0.0587508, 0.0162273 , 0.046376  , ..., -0.100228 , -0.0210696, -0.0697189],
      [0.0493002 , 0.0355286 , 0.062343  , ..., -0.0262272, -0.0649628, 0.0401487 ],
      [-0.0699933, 0.0602745 , -0.0574279, ..., -0.041178 , -0.0803846, 0.0212464 ],
      ...,
      [-0.0948075, 0.0188884 , -0.0005497, ..., 0.0339052 , -0.0469147, -0.0876324],
      [-0.0973219, -0.0680583, -0.0540403, ..., 0.0210614 , 0.1063101 , -0.0866245],
      [0.0417269 , 0.0123054 , -0.0499278, ..., -0.0256321, -0.0208628, -0.0098876]],

     [[0.0390344 , -0.0588509, 0.008685  , ..., 0.0332119 , -0.0722181, 0.0528389 ],
      [-0.0331973, 0.0444535 , -0.0063489, ..., 0.0113474 , -0.0063802, -0.07884  ],
      [0.0692247 , 0.0690508 , -0.0294372, ..., 0.081455  , 0.0164441 , -0.00374  ],
      ...,
      [-0.0591498, -0.0525688, 0.0951776 , ..., 0.0667166 , 0.0753001 , 0.1028241 ],
      [0.0845238 , -0.0052926, -0.0456016, ..., 0.0519214 , -0.0214074, -0.0051517],
      [-0.0706157, -0.0868742, -0.0519922, ..., 0.0877893 , 0.0783418 , 0.0938087 ]],

     [[-0.0623257, -0.0317721, 0.0114993 , ..., 0.0090889 , 0.0154493 , -0.0189933],
      [-0.0395036, 0.0772902 , 0.0994499 , ..., -0.0232118, 0.0176203 , 0.0354744 ],
      [-0.072147 , -0.0658342, 0.0962389 , ..., -0.0957225, 0.0400514 , -0.0132619],
      ...,
      [0.0511985 , 0.0913755 , 0.0195272 , ..., 0.0356936 , 0.0763094 , -0.0235578],
      [0.0249736 , -0.0991204, -0.0935057, ..., -0.0636477, 0.0174605 , -0.0481863],
      [-0.0871376, 0.0606317 , 0.0173929 , ..., -0.0170747, -0.0197777, -0.0508635]],

     [[-0.0142762, 0.0606201 , 0.103547  , ..., -0.085929 , -0.0604114, 0.0121994 ],
      [-0.0780769, -0.0593362, 0.0118734 , ..., 0.0358006 , -0.0238683, -0.0183665],
      [-0.0956044, 0.0529036 , -0.0328666, ..., 0.0296827 , 0.0900926 , -0.0212124],
      ...,
      [-0.0090714, -0.0440753, 0.0460873 , ..., -0.1008206, 0.0392258 , -0.0170945],
      [0.0190295 , 0.00384   , 0.0165387 , ..., -0.0952899, -0.0593627, 0.014498  ],
      [-0.0294832, -0.0568764, -0.0966184, ..., -0.0040232, -0.0922935, 0.0977689 ]],

     [[0.0748372 , -0.0950174, 0.0918734 , ..., 0.102983  , 0.0922866 , -0.0767814],
      [-0.054896 , 0.0114759 , -0.0406777, ..., -0.0292988, -0.0005545, 0.0850676 ],
      [-0.0297609, -0.0622834, -0.028773 , ..., 0.0790929 , -0.0999189, -0.0131571],
      ...,
      [0.1011034 , -0.0811761, 0.043597  , ..., -0.0473894, -0.0513972, 0.0805327 ],
      [-0.0887658, -0.0716025, 0.0874179 , ..., -0.0078137, 0.0595059 , 0.0438633 ],
      [0.0519777 , 0.0177889 , -0.072318 , ..., -0.0078569, -0.0504147, 0.0147934 ]],

     [[0.0397846 , -0.0644934, -0.0007799, ..., -0.0525874, 0.098673  , -0.0539889],
      [-0.0032093, 0.0681801 , 0.1028737 , ..., -0.0311703, 0.0472502 , -0.0661451],
      [-0.0713279, 0.0271833 , -0.0262382, ..., 0.0652137 , 0.0909852 , 0.1046486 ],
      ...,
      [0.0514699 , -0.087685 , -0.0631804, ..., -0.0198664, 0.0386448 , 0.0820423 ],
      [-0.0023277, -0.035005 , -0.0952681, ..., 0.0709945 , -0.055981 , -0.1032438],
      [0.0300907 , -0.0636995, 0.0916641 , ..., 0.0737231 , 0.050825  , 0.0081661 ]],

     [[-0.0359525, -0.023387 , -0.0674203, ..., 0.0029608 , -0.0680906, 0.0927358 ],
      [0.0190441 , -0.01651  , 0.0650084 , ..., -0.1054406, 0.0272807 , -0.0040345],
      [-0.0013779, 0.0094349 , -0.0466293, ..., -0.0397953, -0.0853857, 0.0743214 ],
      ...,
      [-0.1060612, -0.1000799, -0.0134689, ..., 0.0377756 , -0.0895211, 0.0566539 ],
      [0.0356349 , 0.0015825 , -0.001001 , ..., -0.0427585, 0.0638011 , -0.0275567],
      [-0.0251662, 0.0357411 , 0.0042114 , ..., -0.0751157, -0.0159692, -0.019523 ]],

     [[-0.0342743, 0.0987415 , -0.0813503, ..., -0.105915 , -0.0160191, 0.0245497 ],
      [-0.0674963, 0.0097077 , -0.0677539, ..., 0.0566111 , 0.0719965 , 0.1001297 ],
      [-0.0193876, 0.0726768 , -0.0590295, ..., 0.0602697 , -0.0282155, -0.0219152],
      ...,
      [-0.0126268, -0.0920526, -0.069677 , ..., 0.0218006 , 0.0422239 , -0.0917606],
      [0.049396  , 0.0168353 , 0.1030104 , ..., -0.0760837, -0.0754753, -0.0920996],
      [-0.1061327, 0.0960679 , 0.0589975 , ..., -0.06457  , -0.0425657, -0.0473336]]],Tensor
    [0, 0, 0, ..., 0, 0, 0],Tensor
    [[[-0.0386061, 0.0689152 , -0.0372064, ..., 0.0378367 , 0.0763693 , -0.0166342],
      [-0.0022508, 0.0445501 , -0.0298374, ..., 0.0440375 , -0.0335767, -0.0522476],
      [0.0360094 , -0.0325932, -0.0886009, ..., 0.0326845 , -0.009642 , 0.090942  ],
      ...,
      [-0.0612585, 0.0180821 , 0.0926964 , ..., -0.0772227, -0.0540377, 0.0002527 ],
      [0.0171539 , 0.0310334 , 0.0603792 , ..., -0.038414 , -0.0356509, 0.0496301 ],
      [-0.0531824, -0.0609227, -0.0813054, ..., -0.0610651, -0.0847923, -0.0221481]],

     [[-0.0093009, -0.0134285, 0.0198813 , ..., 0.0376042 , -0.0066378, 0.0076192 ],
      [-0.0706452, -0.0025491, -0.029449 , ..., -0.0753834, 0.0850548 , -0.0506964],
      [0.0359207 , -0.0521132, -0.0449088, ..., -0.03758  , -0.051781 , -0.0709393],
      ...,
      [-0.048326 , 0.0365031 , -0.0958306, ..., -0.0559141, -0.0556132, 0.0285096 ],
      [0.0593069 , 0.0044131 , -0.0366116, ..., -0.0692197, -0.0355459, -0.0805767],
      [0.0370202 , 0.0102704 , 0.0589794 , ..., -0.0267714, -0.0944359, -0.040173 ]],

     [[0.0420744 , 0.0268234 , -0.0857939, ..., -0.0810912, -0.0672746, -0.0413877],
      [-0.0150234, -0.0455873, -0.0331319, ..., -0.0664837, -0.0342927, 0.0166146 ],
      [-0.051253 , 0.0850451 , 0.07703   , ..., 0.0162823 , 0.0134247 , -0.0499606],
      ...,
      [0.0427386 , -0.0417191, -0.0743332, ..., -0.0036813, -0.010098 , 0.0558949 ],
      [-0.0599792, -0.0803827, 0.0519795 , ..., -0.0129233, 0.0453353 , -0.0697108],
      [-0.092843 , 0.0919087 , -0.0382259, ..., -0.0692893, -0.0570997, 0.0681139 ]],

     [[-0.0100948, -0.00232  , -0.0009316, ..., 0.0824998 , 0.0072503 , 0.0068595 ],
      [-0.0500862, -0.01655  , -0.0268442, ..., 0.0244638 , -0.0155259, 0.0813646 ],
      [-0.0695554, -0.0625257, -0.0553589, ..., -0.0841196, -0.0660812, -0.0704882],
      ...,
      [-0.0847535, 0.0071539 , -0.034088 , ..., 0.0155283 , 0.000139  , 0.0677838 ],
      [0.0797814 , 0.0696991 , -0.0558476, ..., -0.0879404, -0.0281951, -0.0510952],
      [0.0807547 , 0.030747  , -0.0949723, ..., 0.0319038 , -0.0319732, -0.0558207]],

     [[-0.0799579, -0.0189461, 0.0810693 , ..., -0.0895269, 0.0677841 , -0.0382217],
      [0.0881517 , 0.0062934 , 0.0857383 , ..., -0.043953 , 0.054116  , 0.0744227 ],
      [0.0326258 , -0.0559468, -0.0185797, ..., -0.0239262, 0.043104  , 0.0940707 ],
      ...,
      [0.0647442 , 0.0268183 , -0.0418198, ..., -0.0862502, -0.0305209, 0.0522444 ],
      [-0.0471553, -0.0758545, -0.0479511, ..., -0.0035705, -0.040547 , -0.0431492],
      [-0.0432657, 0.0367053 , 0.0661976 , ..., 0.0277687 , 0.0120858 , -0.0914196]],

     [[0.0504159 , -0.0413911, 0.0911902 , ..., 0.0155829 , 0.0673803 , -0.0383339],
      [0.0479097 , 0.0217746 , -0.044911 , ..., -0.0919951, -0.082141 , -0.0888172],
      [-0.0718106, 0.0065912 , 0.0123626 , ..., -0.013814 , 0.070421  , -0.0118917],
      ...,
      [-0.0828084, -0.0889732, 0.0536345 , ..., -0.0585891, -0.0098162, -0.0291594],
      [0.0267107 , 0.0167327 , 0.0314129 , ..., -0.0569523, 0.0157756 , -0.0838172],
      [-0.0437745, -0.075741 , 0.0601753 , ..., 0.0107872 , 0.0262164 , 0.019482  ]],

     [[0.0729738 , 0.0804758 , 0.0221053 , ..., 0.0743473 , -0.0322814, 0.0578164 ],
      [0.0965098 , 0.0239866 , 0.0385595 , ..., -0.0878259, 0.0653055 , 0.0882187 ],
      [-0.0422082, 0.0684623 , -0.074694 , ..., -0.0677841, 0.0355278 , -0.0030825],
      ...,
      [-0.0324069, -0.054043 , -0.0874305, ..., -0.0591261, 0.0551667 , -0.0832441],
      [0.085585  , 0.0844349 , 0.0881625 , ..., -0.0413211, 0.0279236 , -0.0693001],
      [-0.0028641, 0.0343684 , 0.0631626 , ..., -0.0516386, 0.0555293 , -0.0231348]],

     [[0.0288449 , 0.0805605 , 0.0441641 , ..., 0.0486385 , -0.0438935, 0.0754976 ],
      [-0.055966 , -0.0384806, 0.0593512 , ..., 0.001988  , 0.0077596 , -0.0683293],
      [-0.0013869, -0.0177114, -0.0113502, ..., -0.0537556, 0.0345683 , -0.0414905],
      ...,
      [0.0332413 , 0.0692377 , 0.0433263 , ..., 0.0365219 , -0.033415 , -0.0745729],
      [0.0468682 , 0.0516533 , 0.0563419 , ..., 0.0493388 , -0.0724148, 0.0505906 ],
      [-0.0613481, -0.0822392, -0.0750121, ..., -0.0722945, -0.0576906, 0.0562247 ]]],Tensor
    [0, 0, 0, ..., 0, 0, 0],Tensor
    [[[-0.0425068, -0.0498297, 0.0091301 , ..., 0.0502884 , 0.0546906 , 0.0529306 ],
      [-0.0397116, -0.0710475, 0.0170714 , ..., 0.0599671 , -0.000326 , 0.0496635 ],
      [-0.0148754, 0.0609612 , 0.0266479 , ..., 0.0756239 , 0.0491009 , -0.0396126],
      ...,
      [0.0485471 , 0.0225035 , 0.0381403 , ..., 0.081457  , -0.0255567, -0.0039592],
      [-0.0423171, 0.0275566 , 0.0540363 , ..., -0.0043409, 0.003875  , -0.0709546],
      [-0.0044906, -0.0805902, -0.0400262, ..., -0.0093551, 0.0786174 , 0.0689197 ]],

     [[-0.0363264, -0.0632502, -0.0255197, ..., 0.0695999 , 0.0528685 , 0.0104331 ],
      [-0.008564 , 0.0398702 , -0.0814359, ..., 0.0403749 , 0.0735216 , -0.0083109],
      [0.0736495 , 0.0386594 , 0.001321  , ..., 0.0595681 , 0.0365059 , -0.068607 ],
      ...,
      [0.0352801 , -0.0363858, 0.0351474 , ..., 0.0059712 , -0.0315055, -0.0567193],
      [-0.0045719, -0.049704 , 0.0033466 , ..., -0.0324994, -0.0067047, 0.0100439 ],
      [-0.0293254, -0.0164607, -0.0758152, ..., 0.0062525 , 0.069684  , -0.0236951]],

     [[0.0590476 , 0.0659866 , 0.0422592 , ..., -0.0006861, -0.0649863, -0.0736349],
      [-0.0777538, -0.0128397, -0.0426882, ..., 0.0127423 , 0.0581401 , 0.0664265 ],
      [0.0095111 , -0.0507766, 0.0268542 , ..., 0.0082424 , 0.0606722 , -0.0709724],
      ...,
      [-0.0210154, 0.0117477 , 0.01171   , ..., -0.0165912, -0.0513399, -0.0537635],
      [-0.0022435, -0.0348669, -0.0689219, ..., 0.0767495 , 0.0642393 , -0.0635616],
      [0.0684402 , 0.0286736 , 0.0180776 , ..., 0.0127278 , -0.0197277, -0.0243599]],

     [[0.0537866 , 0.0168171 , 0.0041236 , ..., 0.0401472 , -0.0176206, -0.0668635],
      [-0.0634457, 0.0010954 , -0.0052963, ..., -0.048537 , 0.0604679 , 0.0302162 ],
      [0.0084999 , -0.0302077, -0.0574745, ..., -0.0084489, -0.06011  , 0.0524651 ],
      ...,
      [-0.0775967, 0.0115862 , 0.0459414 , ..., 0.0287631 , -0.0763719, -0.0734449],
      [0.0610787 , 0.0316173 , 0.0130375 , ..., 0.0038302 , -0.0407944, -0.048299 ],
      [0.0046982 , 0.0010698 , -0.0040081, ..., 0.0586246 , 0.0359648 , 0.0519022 ]],

     [[0.0456382 , -0.0200312, -0.0403156, ..., -0.0182449, 0.0599307 , 0.0490521 ],
      [-0.0479065, -0.0432371, 0.0169509 , ..., 0.0745472 , -0.0498295, -0.0420736],
      [-0.0291623, 0.0420306 , -0.0622025, ..., 0.0151101 , 0.0050651 , -0.0071471],
      ...,
      [0.0161954 , -0.0776846, -0.0235929, ..., 0.0016642 , -0.0567985, 0.0340689 ],
      [-0.0290522, -0.0673496, 0.0619971 , ..., 0.0757132 , -0.0270757, -0.0699303],
      [-0.012435 , -0.0117919, 0.0108108 , ..., -0.0020649, -0.0582272, 0.0507859 ]],

     [[0.0417204 , 0.0606568 , 0.0324004 , ..., 0.0201037 , -0.0549337, 0.0386237 ],
      [0.0144038 , -0.07495  , -0.0685156, ..., 0.0568566 , 0.0275174 , 0.0808048 ],
      [-0.0023581, 0.0645116 , -0.0312513, ..., -0.0284878, 0.0476364 , -0.0157706],
      ...,
      [-0.040553 , -0.0636537, -0.0588632, ..., -0.0534883, -0.0216112, 0.0405484 ],
      [0.0470439 , -0.0640829, -0.0707009, ..., 0.0523331 , -0.0423095, -0.0351573],
      [-0.0683126, 0.0581158 , -0.0368835, ..., -0.0615769, -0.01473  , -0.0063841]],

     [[0.0474404 , 0.0811272 , -0.0409646, ..., -0.0050615, -0.014327 , -0.0407614],
      [0.0674552 , -0.0737098, 0.0119983 , ..., 0.0613403 , 0.0250018 , 0.0721282 ],
      [0.0596299 , 0.0581916 , -0.0708943, ..., 0.01233   , 0.0091105 , 0.0524879 ],
      ...,
      [-0.0280896, -0.0386642, -0.0389636, ..., 0.0290993 , -0.0134074, -0.0421254],
      [0.0057914 , 0.0226047 , 0.0298126 , ..., 0.0587422 , -0.0461242, -0.0691561],
      [0.0144968 , 0.026322  , -0.0642541, ..., -0.0010798, 0.0347024 , -0.0691523]],

     [[0.0107342 , -0.0391875, 0.0093306 , ..., -0.0215629, 0.0008533 , 0.047425  ],
      [-0.0691877, 0.0685069 , -0.0686464, ..., -0.0650616, -0.0445139, 0.0760648 ],
      [0.0147003 , 0.0382986 , 0.0184116 , ..., 0.0318852 , -0.029761 , -0.0766307],
      ...,
      [-0.0644308, -0.0249603, 0.0766153 , ..., -0.0229913, -0.0359087, 0.0480856 ],
      [0.0154873 , 0.0082255 , -0.0315929, ..., 0.0328419 , 0.0085358 , -0.0265106],
      [-0.0561869, -0.0083484, 0.0376741 , ..., -0.0507253, -0.019444 , -0.0638146]]],Tensor
    [0, 0, 0, ..., 0, 0, 0],Tensor
    [[[0.0514565 , -0.0281565, -0.0616143, ..., -0.0146137, -0.0358001, 0.0000733 ],
      [0.0528658 , 0.0175715 , -0.0509301, ..., 0.0590263 , 0.054531  , 0.008933  ],
      [-0.059128 , 0.0121007 , -0.028319 , ..., 0.0299468 , -0.0037266, -0.0292951],
      ...,
      [0.0184416 , -0.0351893, 0.0600231 , ..., -0.0019556, -0.0317719, -0.0403234],
      [-0.0171567, 0.0552774 , -0.0500663, ..., 0.0418037 , -0.0070861, -0.0486804],
      [-0.0220522, 0.0096702 , 0.026574  , ..., -0.0121002, -0.0511063, -0.007593 ]],

     [[0.0512883 , 0.051803  , 0.0397506 , ..., 0.0635716 , -0.0173881, -0.0199203],
      [0.0506378 , 0.062653  , -0.0595755, ..., -0.0475163, -0.0455294, 0.0372707 ],
      [-0.0554223, 0.0489468 , 0.0050938 , ..., -0.0305355, 0.0492285 , 0.0163726 ],
      ...,
      [0.0162351 , 0.0162403 , 0.0587117 , ..., 0.0562457 , 0.0618607 , 0.0470827 ],
      [-0.0644554, -0.006048 , 0.0157208 , ..., -0.0245537, -0.003706 , 0.017335  ],
      [-0.0091199, 0.037693  , -0.0597923, ..., -0.0654204, -0.0522674, 0.0003403 ]],

     [[-0.0338439, -0.0425142, -0.0228834, ..., -0.064565 , -0.0649631, -0.0230165],
      [-0.0596713, -0.0546438, -0.0506508, ..., 0.0248172 , -0.0200272, 0.0678518 ],
      [-0.0040572, -0.0491919, -0.0377112, ..., 0.0179449 , -0.021173 , -0.0095899],
      ...,
      [0.0144799 , -0.0601118, -0.0223946, ..., 0.0404629 , 0.0647765 , 0.0073081 ],
      [0.0375741 , 0.0566327 , -0.0166179, ..., -0.0067482, -0.0048429, 0.0148669 ],
      [-0.0255816, -0.0640434, 0.0282332 , ..., 0.0187014 , 0.0593099 , 0.0610907 ]],

     [[0.0010835 , 0.0497511 , -0.0527757, ..., -0.0635302, -0.0387788, -0.0140789],
      [0.0170904 , 0.0474732 , 0.0374673 , ..., 0.0595267 , 0.0132991 , 0.051482  ],
      [-0.0471848, -0.0290478, 0.0644737 , ..., -0.0386621, -0.0675038, 0.0159851 ],
      ...,
      [-0.0146878, -0.0439782, -0.0583507, ..., 0.0053161 , -0.0171078, 0.0058165 ],
      [-0.0552446, -0.0588204, 0.0541099 , ..., -0.0208496, 0.0430958 , 0.0608438 ],
      [0.0200101 , -0.0211734, 0.0414164 , ..., -0.0004635, -0.062607 , 0.0028948 ]],

     [[0.046396  , 0.0509977 , 0.0459616 , ..., 0.0410516 , 0.0012366 , -0.0403187],
      [0.049303  , -0.005586 , -0.040925 , ..., -0.0550593, -0.0617172, 0.0444125 ],
      [0.032941  , -0.0363414, -0.0321381, ..., -0.0373498, -0.0492712, -0.0046957],
      ...,
      [0.0613828 , -0.0078658, -0.0111813, ..., -0.0040713, 0.0227951 , 0.026692  ],
      [-0.0459345, 0.0566277 , -0.029711 , ..., 0.0472332 , 0.0352056 , 0.0106723 ],
      [0.0231709 , -0.0352665, 0.0071619 , ..., 0.0470286 , 0.0439654 , -0.0608428]],

     [[0.0291971 , 0.0185515 , -0.0063387, ..., 0.0183391 , 0.0258952 , 0.0293422 ],
      [-0.0289943, -0.0621338, 0.0349579 , ..., -0.0384118, -0.0403668, -0.0611653],
      [0.0379413 , 0.00856   , 0.0373254 , ..., -0.0218567, 0.0435109 , 0.0196593 ],
      ...,
      [0.0561545 , 0.0319688 , -0.0050204, ..., 0.0515511 , 0.065878  , 0.0157403 ],
      [0.0194562 , 0.0359102 , 0.0491554 , ..., 0.0498741 , -0.0328373, -0.0627458],
      [0.0577878 , -0.0272669, 0.0521094 , ..., -0.0161243, -0.063048 , -0.0667597]],

     [[-0.0278466, -0.0314825, 0.0010758 , ..., 0.0457977 , -0.0599438, -0.0602329],
      [0.0653101 , 0.0024872 , 0.0125059 , ..., -0.059702 , 0.039902  , -0.0378974],
      [0.0074624 , 0.0342638 , -0.0176216, ..., -0.0069969, -0.0166155, -0.0230145],
      ...,
      [-0.0328478, -0.0549756, 0.0585256 , ..., 0.032513  , 0.0194725 , 0.0419506 ],
      [-0.0467673, 0.0217418 , 0.0141253 , ..., -0.0149234, 0.0558063 , 0.0131826 ],
      [0.0266083 , -0.0252387, -0.043961 , ..., -0.0021703, 0.0237846 , 0.0531996 ]],

     [[0.0103619 , -0.0676613, -0.0631946, ..., -0.0446827, 0.0152305 , 0.0410288 ],
      [-0.060992 , -0.054074 , 0.0126074 , ..., 0.0451247 , -0.054004 , -0.0025348],
      [-0.0392151, -0.0368162, -0.0194386, ..., 0.0642467 , 0.0143986 , 0.0406089 ],
      ...,
      [0.0253583 , 0.0362349 , -0.0421061, ..., 0.0377802 , -0.0179036, -0.0003645],
      [0.0475234 , -0.0070014, -0.053836 , ..., -0.0146723, -0.0312068, 0.0482031 ],
      [-0.0655664, -0.0025299, -0.0358716, ..., 0.0297909 , 0.0171607 , -0.0318373]]],Tensor
    [0, 0, 0, ..., 0, 0, 0],Tensor
    [[[0.0431867 , 0.008833  , -0.0025567, ..., 0.016346  , -0.040269 , 0.0592857 ],
      [0.0074111 , -0.0096632, -0.0534493, ..., 0.0551273 , -0.0070398, 0.0159513 ],
      [-0.0179508, 0.0233672 , -0.0094592, ..., 0.0167749 , -0.0218739, 0.0603082 ],
      ...,
      [0.0271578 , -0.0277843, -0.0592786, ..., -0.015723 , -0.0284159, 0.0169225 ],
      [-0.0176269, -0.0418981, 0.0397174 , ..., -0.0078195, 0.0454341 , -0.0225593],
      [-0.0259926, 0.0023429 , -0.0376456, ..., -0.0455144, 0.0346751 , -0.0126947]],

     [[-0.0336327, -0.0515764, -0.0224282, ..., 0.0312365 , -0.0153744, 0.0418309 ],
      [0.0420267 , 0.0157929 , -0.0119625, ..., 0.0506126 , -0.0501814, 0.0085883 ],
      [-0.0046033, -0.0632952, 0.0459454 , ..., -0.0319683, -0.0014623, 0.0029971 ],
      ...,
      [-0.0472531, -0.0653931, -0.0577848, ..., 0.0355197 , -0.0327112, -0.0423094],
      [0.0491279 , 0.0425505 , 0.0542772 , ..., -0.0229584, -0.0648824, -0.0342552],
      [0.0146705 , -0.0533195, -0.0448744, ..., 0.0645992 , 0.0402012 , 0.0678706 ]],

     [[0.0082928 , -0.0139279, 0.0559806 , ..., 0.0203822 , 0.0425159 , 0.0201657 ],
      [0.0166162 , 0.0010568 , -0.0279013, ..., -0.063692 , -0.0557139, 0.0466408 ],
      [0.0318623 , 0.0536882 , -0.0399562, ..., 0.0208222 , 0.0250601 , -0.0552229],
      ...,
      [0.0019971 , -0.0378747, 0.0586349 , ..., 0.0140204 , -0.0094895, -0.0110444],
      [-0.0017297, -0.0572703, -0.0221864, ..., 0.0683562 , -0.0654151, -0.0621633],
      [0.0579147 , 0.0099303 , 0.0352696 , ..., -0.0444519, 0.0238656 , 0.0048476 ]],

     [[0.0008088 , -0.0570703, 0.0493506 , ..., 0.01928   , -0.0396803, 0.0429967 ],
      [-0.0600355, 0.021146  , 0.0423661 , ..., 0.0265869 , -0.0321901, -0.0295021],
      [0.0110236 , -0.0340624, -0.0225362, ..., 0.0020674 , -0.0235499, 0.0355708 ],
      ...,
      [0.0128591 , 0.0418651 , -0.0578056, ..., -0.0117784, -0.0042355, -0.0148106],
      [-0.0352506, 0.0346649 , 0.0048097 , ..., -0.0210457, -0.0193662, -0.0147095],
      [0.0302389 , -0.0682895, -0.0074244, ..., 0.0493754 , -0.0298004, -0.0483769]],

     [[0.0226765 , -0.0543197, 0.0467708 , ..., 0.0441785 , -0.0663537, -0.0282181],
      [-0.0229636, 0.0090707 , 0.0487616 , ..., -0.0443564, -0.0471373, -0.005643 ],
      [-0.0442416, -0.0289356, 0.0642176 , ..., 0.0206551 , 0.0540586 , -0.0055616],
      ...,
      [0.00867   , -0.0520819, -0.0295736, ..., -0.0465955, -0.0683448, -0.0468112],
      [-0.0135681, -0.0069785, -0.0663103, ..., -0.0167806, 0.0091025 , -0.0525535],
      [-0.0335714, -0.043083 , -0.0606381, ..., 0.00953   , -0.0540097, -0.0436107]],

     [[-0.0217404, -0.0398336, -0.0141614, ..., 0.0315535 , 0.0328149 , 0.0665529 ],
      [0.0345869 , -0.0627942, -0.0214662, ..., 0.04877   , -0.0249082, -0.0542044],
      [-0.0216294, 0.007609  , 0.0443552 , ..., 0.0422539 , 0.0038602 , -0.0180879],
      ...,
      [0.0605153 , 0.0364837 , 0.0446408 , ..., -0.0300616, -0.0341241, 0.0004689 ],
      [-0.0311958, 0.0455188 , -0.0178299, ..., -0.0666666, -0.0250359, 0.0589158 ],
      [0.0516418 , 0.0142338 , -0.0293053, ..., 0.0309192 , -0.0391733, 0.0468213 ]],

     [[-0.0063267, 0.0412053 , 0.0275631 , ..., -0.0020913, -0.0617762, -0.0446045],
      [0.0516559 , 0.0376098 , 0.023177  , ..., -0.0194928, -0.0269794, -0.0352181],
      [0.0649483 , 0.017449  , -0.0642669, ..., 0.0058953 , -0.0391149, -0.0126249],
      ...,
      [-0.0431033, 0.0191608 , -0.0322047, ..., 0.0189784 , -0.0381876, 0.056303  ],
      [0.009551  , -0.0245318, -0.0622248, ..., -0.0587407, -0.0630171, -0.0435451],
      [-0.041135 , -0.0328622, 0.0341347 , ..., -0.0638452, 0.067427  , 0.0227571 ]],

     [[0.0120552 , 0.0006582 , -0.0262497, ..., -0.0518173, 0.0362272 , 0.0087244 ],
      [0.0603509 , -0.0317932, 0.0017581 , ..., 0.0050018 , -0.0660656, 0.005018  ],
      [-0.0446523, 0.0450472 , -0.0577536, ..., 0.0412901 , -0.0024178, 0.0509164 ],
      ...,
      [0.0253906 , -0.0013897, -0.0682188, ..., -0.0600274, -0.0116007, -0.0078304],
      [-0.0347975, -0.0417454, 0.0391677 , ..., 0.0514077 , -0.0551512, 0.0663749 ],
      [-0.0526211, 0.039098  , -0.0590358, ..., 0.0290354 , -0.0235792, 0.0558592 ]]],Tensor
    [0, 0, 0, ..., 0, 0, 0],Tensor
    [[[0.0564985 , -0.0525509, -0.0661983, ..., -0.066964 , -0.0009202, -0.0310805],
      [-0.0245129, 0.0086649 , 0.0636989 , ..., -0.0107945, 0.0466402 , -0.0364445],
      [0.0093162 , 0.0580095 , 0.0115121 , ..., -0.0657587, -0.0420184, 0.0509831 ],
      ...,
      [0.0530384 , 0.0108158 , -0.0151508, ..., -0.0763932, 0.0102252 , -0.0514917],
      [-0.0147579, 0.0302479 , -0.0399474, ..., -0.0395682, 0.0632284 , 0.0488071 ],
      [0.0238775 , 0.0674953 , 0.0200081 , ..., -0.0234164, 0.062104  , 0.0362495 ]],

     [[-0.0534807, 0.0713287 , -0.0216775, ..., 0.0714864 , -0.0211406, -0.0556259],
      [-0.0135906, 0.0247387 , 0.0031059 , ..., 0.0376891 , 0.0149024 , -0.0362233],
      [-0.0556842, 0.0702318 , 0.0115481 , ..., -0.0038829, 0.0547252 , 0.0367167 ],
      ...,
      [0.0107361 , -0.0438452, -0.0114154, ..., 0.0687694 , -0.0194108, -0.0558785],
      [0.0379539 , 0.0256475 , -0.0537427, ..., 0.0120126 , -0.044992 , -0.0763027],
      [0.0547937 , -0.010316 , -0.0348236, ..., 0.0577971 , -0.0065542, -0.0649929]],

     [[-0.0511286, -0.076148 , 0.0276    , ..., 0.0611055 , -0.0475096, 0.0466535 ],
      [0.0596857 , 0.0108087 , 0.057994  , ..., -0.0604025, 0.0492505 , -0.031766 ],
      [-0.0537945, 0.0637516 , -0.0285239, ..., 0.0287973 , -0.0119038, -0.0366939],
      ...,
      [-0.0565065, 0.0394549 , 0.0611992 , ..., 0.0550813 , -0.0182682, 0.0281834 ],
      [-0.0037286, -0.0460411, -0.0732535, ..., 0.041471  , 0.0430891 , -0.0605162],
      [-0.0036785, 0.073091  , 0.0000315 , ..., 0.0534716 , -0.059212 , -0.0516805]],

     [[-0.0412111, 0.0208765 , 0.0652111 , ..., -0.0256275, -0.0353811, 0.0107589 ],
      [0.03103   , 0.0393938 , -0.0223003, ..., 0.0430935 , -0.0502659, 0.0722208 ],
      [-0.0600138, 0.0677634 , -0.0576715, ..., -0.0265812, 0.0478362 , -0.0334833],
      ...,
      [-0.0172742, -0.0008166, -0.0048287, ..., 0.0709579 , -0.0596763, -0.0259041],
      [-0.0568106, -0.044848 , -0.0640104, ..., -0.066476 , 0.0530431 , -0.0031958],
      [0.0210139 , -0.009681 , 0.0550122 , ..., 0.0415476 , 0.0514376 , 0.0759793 ]],

     [[-0.0732562, -0.0353639, 0.0343265 , ..., 0.0261203 , -0.032217 , 0.0197879 ],
      [-0.0709119, 0.0438357 , -0.036093 , ..., -0.0389374, 0.051424  , 0.0407334 ],
      [0.0499989 , -0.0125481, 0.0223028 , ..., 0.0249765 , 0.0027653 , 0.0195329 ],
      ...,
      [-0.0252888, 0.0131918 , 0.0375219 , ..., 0.0748313 , -0.0290372, -0.0095278],
      [-0.0033576, 0.0484903 , -0.0019984, ..., 0.0035483 , 0.0706584 , -0.0587517],
      [-0.0327945, 0.0469546 , 0.0518348 , ..., 0.0545152 , -0.0400731, 0.0286112 ]],

     [[0.0024912 , 0.0360709 , 0.0320045 , ..., 0.0705693 , -0.0278935, -0.0210188],
      [0.0168864 , -0.0606593, -0.0648295, ..., 0.0118765 , 0.0374931 , -0.0180518],
      [0.0323041 , -0.0519543, 0.0368931 , ..., 0.0641662 , -0.0264068, -0.0195188],
      ...,
      [-0.0079929, -0.0099824, 0.0091437 , ..., -0.0443562, -0.0442062, -0.0498193],
      [0.0440443 , -0.0327541, -0.0524441, ..., 0.070557  , 0.0397129 , -0.0442552],
      [0.0462955 , 0.0356622 , 0.0034884 , ..., 0.0700974 , -0.0723492, -0.0309483]],

     [[-0.0117436, -0.0315332, 0.0072454 , ..., 0.0392967 , 0.0624386 , -0.0318422],
      [-0.0166718, 0.073063  , -0.0489874, ..., -0.0640737, -0.0259337, 0.0626807 ],
      [0.0187229 , 0.0139572 , 0.0407942 , ..., -0.0056237, 0.0377876 , -0.0559066],
      ...,
      [0.0586775 , -0.0713975, -0.0664671, ..., 0.0642553 , -0.0744471, 0.0457628 ],
      [-0.0585946, 0.0189653 , -0.020968 , ..., 0.0503599 , 0.051256  , -0.0523683],
      [-0.0289108, -0.0727829, -0.0381544, ..., -0.0762713, -0.0431178, 0.0495395 ]],

     [[0.0296776 , -0.011318 , 0.0482283 , ..., 0.0380988 , 0.0618325 , 0.0658298 ],
      [-0.0050086, -0.0111919, 0.0648751 , ..., -0.0356575, 0.0653756 , -0.0221759],
      [0.0033678 , 0.0361392 , -0.042284 , ..., -0.0348138, 0.0136128 , -0.0224564],
      ...,
      [-0.0317695, 0.0316378 , -0.0205054, ..., 0.0331029 , 0.072635  , 0.0680643 ],
      [0.0007982 , -0.0637983, -0.0695989, ..., 0.0148807 , -0.0193582, 0.0221951 ],
      [-0.0328826, -0.0387369, 0.06876   , ..., 0.0654564 , 0.0560083 , 0.0642216 ]]],Tensor
    [0, 0, 0, ..., 0, 0, 0],Tensor
    [[[0.0462613 , -0.0021979],
      [-0.095515 , 0.0884122 ],
      [0.0949921 , 0.1408576 ],
      ...,
      [-0.0504862, 0.0604332 ],
      [-0.1140361, 0.1120943 ],
      [-0.0468003, 0.0725947 ]],

     [[-0.051287 , 0.1062024 ],
      [0.0850782 , 0.0207288 ],
      [0.050098  , -0.1187519],
      ...,
      [-0.1372646, -0.1352135],
      [0.1247731 , 0.0303493 ],
      [-0.140177 , 0.0488501 ]],

     [[0.1197965 , 0.0540872 ],
      [-0.0746155, 0.0177819 ],
      [-0.0312355, 0.1464202 ],
      ...,
      [-0.1261606, -0.1376537],
      [-0.028138 , 0.0038972 ],
      [-0.0255261, -0.1006024]],

     [[0.1305218 , -0.0185217],
      [0.1064648 , -0.1075695],
      [-0.0409296, -0.0785522],
      ...,
      [0.126268  , -0.0919643],
      [-0.054209 , -0.0148518],
      [0.1325757 , -0.0782584]]],Tensor
    [0, 0]